1117114473992425593
1072608791343939694
849145085404774460
736909181365256193
945154083055083530
159985870458322944
1056343268138434573
270904126974590976
437808476106784770
1016704262903967796
557628352828014614
1081732346283298887
282286160494067712
1052948160445677578
592970472313061376
302050872383242240
1105174209958781039
1059369424810934322
1111231240457171005
941629190980132956
998620850787987519
1013743046984204369
550613223733329920
1048948372033241118
878662766087507998
1038720561322405938
898966608423313419
1016590300942176268
1005019421040988270
155149108183695360
991703090690535454
1116705203031375933
1114488191131594783
510016054391734273
518759221098053634
458276816071950337
703886990948565003
324631108731928587
788133543028195340
1077440801568722955
976285310260498523
204255221017214977
1061914690072096768
918820986122543135
656246645075345461
1105819359168966716
439456539133083648
1070437697606406224
825587650459074571
263073711853142027
1114521838182219846
956933030155534357
936907059222446080
1105105823807574176
1034268245701709836
1059035720452407378
1065797965274415176
1010176176834236447
1026112319744397404
282859044593598464
1033008623858757662
1026125449501343764
944195838601756722
515067662028636170
356065937318871041
814371536215212032
1020666289225744385
1073944079395729479
1027587362039005235
682984071227506769
944915976292544593
408785106942164992
825617171589759006
